9 17 34 59 64 22
7 1 30 50 2 8
61 24 69 64 63 18
50 4 51 48 39 11
19 18 24 34 2 3
28 48 63 6 64 24
20 32 3 33 13 21
59 60 6 50 15 13
54 66 55 61 11 9
53 25 41 67 57 12
25 20 57 63 54 8
45 1 47 69 7 13
34 67 52 61 24 16
28 15 12 47 48 16
56 43 5 68 62 24
21 63 30 43 10 17
38 58 3 11 44 2
5 38 22 58 32 26
27 65 56 46 22 13
64 44 18 2 41 26
9 56 58 23 68 1
28 36 10 1 27 12
49 22 41 67 42 11
21 19 47 27 46 7
45 43 1 10 64 22
7 41 15 4 44 10
9 3 20 42 61 24
63 28 62 7 37 15
29 56 45 16 43 25
14 56 27 4 23 13
65 9 58 57 45 9
13 38 45 20 55 1
36 10 25 6 15 14
53 28 41 23 56 14
23 37 64 44 25 7
46 23 26 17 68 20
45 31 21 1 49 21
20 54 61 56 64 7
56 9 17 3 6 25
17 22 21 19 51 19
42 56 22 55 45 14
50 69 16 38 11 19
29 36 14 61 57 17
40 5 31 50 14 6
28 50 22 45 20 8
18 17 39 64 56 12
50 69 54 62 40 19
12 17 10 9 23 9
61 17 19 26 62 15
67 18 16 55 27 18
38 2 20 17 39 20
42 64 54 8 24 24
24 55 52 61 8 21
53 8 52 6 26 21
33 56 53 10 45 24
29 4 61 3 18 25
60 66 22 59 57 7
12 24 6 41 68 9
69 43 54 44 61 22
36 6 19 13 51 18
40 17 36 25 13 5
69 12 65 59 30 16
38 25 62 63 24 6
7 36 31 15 34 8
26 62 39 13 44 2
44 46 37 39 69 26
27 13 41 59 1 20
40 35 34 47 23 10
15 48 23 27 53 6
7 4 14 59 46 22
54 26 17 21 47 7
11 9 5 33 64 21
28 26 58 47 49 3
33 51 3 37 57 21
69 25 35 14 58 24
7 24 50 49 33 4
12 61 30 29 33 26
42 39 18 2 37 12
58 28 51 41 36 24
16 60 3 56 9 3
44 15 1 13 3 25
20 61 64 1 69 20
35 63 37 9 50 11
2 28 51 58 24 7
36 60 55 37 25 6
50 19 55 62 20 9
32 30 36 28 58 6
59 28 26 24 63 16
53 8 54 27 13 4
61 51 37 46 35 13
17 31 28 32 39 26
48 32 44 50 23 25
56 6 4 30 16 18
12 21 14 34 20 22
51 48 12 26 14 13
26 3 19 6 44 1
35 27 57 66 38 10
57 54 29 22 18 8
14 45 69 41 42 4
69 54 49 30 66 8
56 37 69 32 66 11
1 69 19 3 13 23
61 10 49 65 63 7
23 63 62 66 22 24
8 25 12 41 64 15
21 25 10 23 8 22
45 24 56 55 57 19
68 48 67 39 53 26
31 24 25 17 18 24
24 63 35 57 17 19
59 20 6 57 29 22
32 14 8 58 67 17
62 41 21 52 6 26
43 19 69 28 67 7
66 15 7 38 32 15
7 26 16 23 6 4
17 68 19 43 39 13
64 43 60 9 15 4
35 20 49 26 24 19
12 30 47 62 36 9
33 21 45 11 28 11
16 1 54 63 69 18
1 40 28 48 45 12
19 42 21 7 69 12
44 32 60 5 53 9
63 51 59 61 50 4
40 66 9 64 63 17
18 23 2 61 1 9
29 8 40 59 10 26
54 9 68 4 16 21
45 19 42 53 48 16
46 37 29 53 68 8
36 32 22 58 10 10
65 14 46 68 61 13
13 62 10 53 32 21
63 22 5 43 57 24
32 26 20 38 58 3
66 57 5 69 21 13
54 41 9 3 21 25
60 39 33 4 46 6
55 10 5 67 28 9
38 28 33 32 62 15
45 5 47 54 22 3
39 4 48 45 11 9
68 17 20 63 32 19
62 31 56 46 29 8
31 21 11 41 59 21
18 49 66 17 59 9
24 22 23 62 45 5
18 1 51 15 26 26
39 21 48 41 63 6
1 19 52 40 37 15
61 26 45 5 22 13
68 63 14 8 61 24
51 53 36 23 60 15
53 20 54 46 8 13
65 9 44 36 32 1
8 62 31 36 15 11
32 18 31 48 45 16
2 29 9 27 42 9
25 67 54 44 13 5
30 16 41 48 53 16
57 41 50 26 1 11
42 23 59 46 33 4
2 22 63 19 18 19
16 10 52 40 55 17
6 62 32 47 65 19
52 10 61 28 13 2
9 3 33 7 31 20
33 5 42 38 28 19
37 64 17 9 5 2
49 20 42 14 66 5
52 17 16 13 6 25
9 60 64 43 57 10
39 12 49 69 20 17
18 62 66 68 28 22
45 25 23 67 52 2
41 9 58 40 53 12
55 69 23 64 59 13
1 16 13 43 3 24
37 63 12 24 3 10
17 16 42 41 29 4
1 28 3 67 57 9
30 23 44 58 16 4
38 52 42 51 28 21
25 68 40 54 33 3
16 40 8 48 1 10
39 18 66 37 26 15
32 21 12 44 66 15
49 64 48 41 53 20
27 26 33 8 10 22
3 45 25 14 18 7
21 17 37 44 19 16
7 61 41 47 32 3
24 61 43 16 28 21
28 61 63 41 65 7
20 8 27 52 17 24
28 31 54 25 1 2
31 50 69 21 51 8
18 54 61 13 37 5
42 48 20 21 19 23
48 56 2 16 3 24
1 55 33 28 56 22
43 63 16 38 10 23
64 49 57 23 67 20
34 44 30 16 37 16
3 64 68 61 54 9
60 29 18 27 8 15
12 64 50 61 2 1
30 53 62 38 52 1
15 7 29 41 20 22
63 67 1 69 28 17
51 19 9 62 55 14
10 31 23 28 11 14
3 17 49 68 55 8
23 55 33 22 29 21
39 59 7 67 50 25
10 56 24 61 5 12
48 32 63 4 49 20
25 11 9 65 64 16
68 3 21 6 60 24
44 49 33 50 52 8
44 38 64 69 60 6
64 56 61 23 67 12
52 33 47 36 20 12
66 27 11 9 67 2
32 21 17 23 11 5
10 47 68 65 50 24
39 5 35 7 23 11
6 58 66 25 35 5
11 50 40 17 62 26
57 15 29 3 54 10
32 28 10 64 61 12
66 57 2 31 24 18
63 39 59 34 10 4
29 37 23 64 60 6
36 3 56 69 27 25
14 42 43 52 40 17
53 2 23 63 41 11
33 4 24 31 22 10
36 58 27 41 20 7
37 69 12 25 60 20
20 16 43 64 22 17
40 69 33 23 30 12
6 34 33 59 58 12
64 24 59 41 11 15
9 32 5 7 23 26
25 67 39 23 54 11
64 27 65 13 47 9
69 32 52 66 20 23
25 66 44 5 26 9
47 69 30 66 57 3
32 16 3 34 12 14
25 39 64 2 33 17
46 62 59 35 19 13
62 30 12 25 52 8
32 3 25 51 18 3
30 35 38 33 64 22
14 23 41 61 22 9
65 28 49 60 4 25
9 61 28 40 30 3
55 24 63 53 44 19
23 42 68 52 11 6
22 15 49 5 8 25
11 60 23 54 43 3
46 50 12 13 10 21
28 11 50 57 62 23
32 34 14 23 68 3
3 34 27 59 69 19
62 52 13 12 44 6
22 11 53 21 10 18
67 21 65 31 64 5
54 12 11 16 15 25
29 27 7 40 17 25
7 15 36 18 19 20
2 62 40 50 3 5
13 4 36 31 52 8
26 60 67 31 28 23
16 5 12 31 43 18
40 52 3 67 12 21
32 22 40 69 34 19
44 5 39 69 47 24
61 52 51 64 3 6
8 27 34 4 19 10
32 16 19 57 34 13
47 2 63 62 11 17
42 15 6 5 29 10
12 61 54 38 36 22
65 40 44 59 27 20
67 16 63 38 55 25
30 68 59 41 28 10
9 42 10 55 32 6
62 2 30 19 14 22
16 46 10 56 7 1
47 33 68 27 13 13
14 18 19 64 32 9
47 2 66 67 6 2
53 16 69 58 29 21
37 57 47 50 52 21
40 17 46 69 41 6
14 22 37 45 66 5
26 4 32 55 64 18
50 53 7 16 25 15
12 2 17 20 65 17
9 47 20 25 68 7
56 62 54 63 4 10
20 31 56 64 60 2
57 32 30 42 56 11
57 62 69 49 48 19
20 15 31 40 29 1
27 68 12 43 29 1
52 40 48 18 30 9
33 6 46 44 26 4
40 59 21 39 55 17
23 57 42 31 50 5
8 29 51 58 41 5
12 43 17 26 48 24
7 5 39 24 31 7
50 44 45 51 47 8
29 10 18 16 45 19
17 46 22 30 56 16
25 18 29 21 28 16
22 56 2 45 32 12
12 14 21 4 55 7
6 43 48 50 8 7
3 17 13 52 42 24
34 48 54 52 9 15
42 14 9 16 11 19
13 7 49 24 57 15
27 44 41 29 34 2
31 12 57 44 43 11
45 34 13 50 16 11
46 39 52 11 54 3
30 27 25 15 4 18
24 18 6 3 14 21
24 41 31 26 7 25
5 10 3 22 32 7
20 16 10 57 9 15
22 20 21 54 41 7
49 32 31 53 48 25
18 43 13 8 27 15
6 40 37 13 8 11
57 25 8 56 9 22
8 15 59 34 53 23
31 9 43 17 15 16
12 1 44 28 35 25
31 29 1 47 25 7
58 4 17 35 15 17
26 1 38 34 51 6
45 21 35 33 38 12
25 10 14 39 53 18
31 22 13 23 29 17
58 1 32 42 12 12
44 39 30 33 2 1
38 2 12 4 6 17
54 23 19 7 50 14
30 38 16 11 42 7
30 47 33 25 14 8
46 47 8 14 39 18
25 28 11 17 46 12
39 17 21 32 19 8
18 51 14 34 10 26
29 1 49 9 32 22
25 11 54 13 39 19
51 52 36 24 56 22
49 24 12 36 35 1
19 16 20 33 29 10
57 12 28 15 11 23
15 27 23 36 16 9
10 4 53 2 41 22
19 9 29 2 28 19
47 49 59 15 14 10
4 43 46 55 18 25
36 14 10 11 7 15
46 11 12 47 50 22
19 15 56 31 14 5
47 31 48 38 22 15
48 34 55 44 54 10
43 22 49 15 12 14
54 30 32 46 25 26
38 6 36 48 51 17
55 37 39 52 51 11
9 33 19 38 54 15
1 38 25 13 3 17
48 28 59 25 57 16
54 57 51 6 10 12
40 42 30 29 50 16
36 20 54 27 26 19
5 7 28 27 19 20
46 50 16 31 5 18
20 1 45 18 4 7
54 11 52 35 2 13
7 14 24 41 21 26
23 22 30 39 37 16
36 18 25 50 48 23
14 39 2 40 43 13
29 43 31 50 9 18
24 17 45 46 26 19
21 40 8 38 4 3
7 8 17 59 48 9
37 8 40 52 39 24
34 12 31 51 3 24
49 1 8 24 28 24
38 39 28 24 30 16
22 12 4 31 10 3
10 53 17 25 45 9
23 7 2 3 51 26
9 55 42 25 57 14
34 58 24 36 57 11
56 8 12 43 34 9
41 6 54 5 37 26
6 52 59 29 9 7
14 25 33 18 49 23
58 30 35 28 59 15
22 7 1 10 49 24
34 15 48 27 31 1
24 2 28 32 59 25
55 15 49 16 28 18
32 23 47 39 49 22
41 47 55 31 4 1
15 5 46 49 16 26
30 3 22 7 33 20
29 48 36 19 25 12
35 6 51 5 29 21
42 34 59 39 44 8
26 45 14 55 54 20
19 22 13 53 8 24
3 12 27 38 2 17
33 41 59 44 28 21
55 13 28 58 31 15
34 23 43 19 2 14
34 5 51 2 58 9
28 54 14 15 37 10
26 3 9 7 54 19
3 8 25 47 30 13
42 11 12 38 17 2
13 2 54 14 3 4
9 23 2 14 21 3
52 49 36 57 44 1
8 57 17 59 32 24
12 15 38 5 27 7
47 23 11 28 32 20
57 8 55 12 18 2
38 14 13 19 31 25
29 8 9 7 24 25
39 28 58 47 10 22
19 58 37 20 41 14
52 48 15 24 40 23
56 51 35 44 8 18
36 51 45 25 40 8
39 7 40 24 37 1
45 13 48 32 20 17
9 6 11 44 31 25
57 25 18 55 50 17
12 52 55 43 5 10
32 4 45 23 18 7
29 37 59 10 44 10
31 5 55 50 56 9
49 1 5 10 15 22
27 40 13 23 24 17
54 2 49 36 40 10
47 34 23 31 3 13
33 9 56 54 57 5
10 58 26 57 8 4
9 38 3 33 19 18
11 39 40 17 12 5
6 51 42 4 25 17
47 53 14 52 54 5
49 7 17 53 2 23
58 54 45 17 12 13
7 10 35 32 22 19
1 25 44 17 37 20
2 22 19 45 26 24
2 45 26 9 47 11
40 25 7 56 2 20
32 19 7 9 6 13
45 17 59 12 25 19
30 48 42 46 40 23
18 54 56 21 46 23
17 43 11 4 51 20
37 58 14 4 12 13
24 36 21 45 42 15
8 24 59 39 49 5
58 53 40 23 9 6
44 29 54 40 9 7
14 27 58 25 38 6
22 1 42 38 34 17
8 37 2 35 22 6
52 2 36 35 13 11
40 6 51 29 3 4
28 8 56 53 30 16
57 47 46 52 7 17
48 55 28 40 36 1
2 26 11 32 22 19
33 53 59 22 28 14
49 14 9 17 57 2
27 21 19 6 2 25
31 35 41 9 57 26
22 10 13 14 52 11
6 23 19 43 13 16
26 36 40 7 12 17
31 22 55 26 54 18
55 54 48 23 3 5
9 59 31 56 19 2
6 39 8 30 48 20
40 1 52 36 53 20
39 29 4 8 7 24
35 8 12 1 6 3
43 48 7 37 52 16
43 17 14 13 54 15
44 53 7 21 3 16
46 52 37 10 40 12
45 10 6 23 41 1
56 13 8 41 3 16
48 20 14 34 3 21
25 3 32 17 19 17
58 36 16 6 5 3
36 38 5 27 41 12
47 16 14 32 52 16
22 49 41 26 3 18
24 43 11 12 45 9
47 21 23 14 10 7
11 20 13 27 59 26
30 49 54 26 51 25
20 18 53 28 35 20
55 52 46 50 36 14
54 43 13 11 23 4
18 44 35 39 1 11
23 20 5 30 8 3
40 23 44 55 15 14
23 40 53 26 7 21
27 19 38 13 17 12
46 10 3 19 36 3
5 23 16 22 29 6
24 30 8 18 39 26
15 59 27 58 3 20
44 10 58 8 30 13
32 45 34 52 58 20
54 4 7 9 30 25
45 31 1 48 27 5
18 50 23 3 21 4
4 28 31 44 21 10
5 2 26 25 49 18
55 23 17 59 36 10
57 14 29 18 28 8
41 26 42 13 39 10
50 1 8 39 5 23
43 26 3 20 48 1
48 56 24 36 33 6
8 44 21 11 49 22
7 20 6 1 49 23
47 31 22 29 55 19
55 41 26 14 59 1
56 27 46 6 51 21
51 13 46 39 4 1
7 15 3 11 28 12
55 30 53 48 19 18
58 3 56 48 16 4
6 50 5 36 13 13
14 3 46 38 35 16
9 54 38 56 31 20
5 2 57 23 20 3
4 46 16 37 32 13
5 36 49 55 22 23
20 7 15 41 44 22
58 34 6 46 40 6
17 11 29 56 57 14
14 16 27 15 8 26
14 57 33 10 7 18
10 56 9 24 52 14
49 59 13 41 14 14
21 43 28 3 7 2
35 24 58 53 10 22
56 7 1 11 55 1
12 59 44 20 9 23
8 42 51 20 6 16
15 16 19 14 24 2
44 42 16 47 23 2
13 30 5 20 17 18
33 24 49 45 1 6
15 37 35 1 47 8
32 43 53 55 56 6
1 8 59 46 41 24
5 41 20 14 17 5
45 35 47 46 12 12
26 1 11 4 23 14
54 11 6 42 53 7
23 50 28 59 56 5
12 11 32 56 52 11
37 52 10 1 57 11
23 56 43 45 15 7
41 54 59 33 5 13
28 19 29 47 4 5
44 12 43 24 45 7
41 30 10 36 38 1
47 5 29 45 19 25
3 24 38 21 39 24
50 35 21 47 46 2
16 27 45 41 21 14
52 51 16 14 30 19
31 15 13 54 10 18
46 52 24 56 2 19
33 41 4 19 59 9
18 5 33 43 45 8
47 6 2 34 35 22
30 35 57 4 59 25
16 9 17 28 30 11
56 4 35 51 36 8
58 59 35 5 57 12
43 39 2 33 40 26
39 21 1 18 55 6
8 3 23 30 58 13
26 35 16 52 58 2
38 24 5 10 43 1
43 10 12 23 47 18
46 7 43 54 20 17
41 51 30 50 53 8
27 12 3 4 44 26
47 52 55 48 12 13
43 22 6 20 32 11
16 50 42 59 41 5
32 53 22 4 19 24
54 3 5 27 18 13
15 52 25 53 54 2
2 54 12 58 25 14
35 9 50 12 58 4
57 59 54 25 30 6
49 19 13 28 21 11
55 20 40 47 41 19
40 42 38 1 4 17
28 48 54 24 50 25
54 18 8 19 32 8
31 9 23 1 11 6
55 50 24 11 15 8
30 24 57 59 45 26
18 39 57 36 41 12
59 12 46 19 15 12
22 38 21 12 41 18
50 16 18 36 27 8
17 58 39 19 41 21
43 12 20 51 55 11
50 4 31 42 23 23
7 12 42 49 13 16
40 18 17 8 44 16
11 55 47 2 27 15
15 41 29 27 3 24
41 15 6 13 32 3
40 44 55 24 4 5
58 11 3 48 47 19
21 55 33 45 44 7
53 5 56 14 32 11
56 18 55 10 41 15
43 22 34 6 45 23
15 28 5 26 32 9
11 20 46 27 3 8
53 28 48 39 40 9
4 41 1 12 47 3
12 20 28 40 48 8
42 31 23 48 2 21
50 58 7 31 51 6
4 45 21 17 13 10
23 48 21 9 13 24
32 52 36 48 11 19
15 41 59 37 56 5
28 45 24 52 49 2
4 47 58 5 36 6
34 30 51 31 45 23
7 52 6 33 26 24
40 22 32 26 38 7
52 50 1 38 17 24
33 11 44 47 46 12
43 19 4 11 33 14
32 18 45 10 11 18
1 8 19 10 20 23
25 8 11 58 41 16
27 24 42 31 13 22
10 5 12 11 20 2
20 8 21 37 32 4
12 10 38 53 57 1
14 59 54 53 16 5
5 8 44 40 11 10
25 24 20 59 53 15
20 39 7 17 59 17
28 16 12 11 15 11
46 34 32 22 12 2
26 41 14 37 46 24
30 12 36 20 47 25
10 36 52 24 55 15
18 44 1 39 37 13
10 57 51 35 39 20
40 20 21 17 51 19
32 56 4 27 22 13
17 36 29 16 31 23
7 22 10 27 12 26
1 57 16 41 17 15
1 11 20 27 25 2
16 58 22 30 51 25
27 37 22 45 35 3
21 23 38 20 42 6
28 21 20 56 27 4
10 41 44 56 48 4
52 53 3 14 10 3
57 30 13 38 32 25
48 11 45 30 47 10
29 18 11 36 8 6
22 49 27 14 32 5
18 34 40 59 48 25
24 3 28 1 41 10
28 15 36 23 21 20
47 13 34 40 57 11
23 25 16 49 58 20
28 44 12 22 25 24
57 56 1 53 12 5
11 34 55 41 49 20
22 41 49 21 5 15
14 6 32 52 38 20
15 59 52 10 31 4
13 45 54 5 17 12
21 7 32 52 44 10
14 49 39 24 20 7
9 36 44 45 39 9
55 26 48 45 24 8
16 36 20 6 31 8
41 37 17 50 21 1
41 33 10 59 29 15
14 49 9 7 45 23
50 17 57 35 4 12
36 7 26 8 19 15
14 10 40 51 30 1
22 54 52 14 59 4
37 52 22 36 17 24
26 35 48 47 6 21
15 26 31 6 20 9
53 16 15 42 20 17
46 15 43 44 32 19
41 8 7 55 23 23
41 44 20 54 50 22
5 52 14 38 39 6
52 8 49 51 32 23
24 41 17 47 39 21
23 43 25 35 13 15
58 12 5 1 13 21
41 58 27 39 44 17
46 50 27 28 26 21
18 13 4 59 49 5
26 36 7 49 58 4
57 30 19 48 32 14
12 8 22 29 14 22
32 37 46 50 7 26
51 10 45 11 14 17
19 26 54 41 2 23
51 46 26 3 11 23
38 22 59 49 14 16
34 51 45 6 16 4
15 30 5 40 25 6
2 50 38 21 20 22
50 57 24 12 48 22
34 20 36 39 18 19
7 8 29 20 25 11
25 24 49 30 5 23
17 56 37 40 51 25
13 28 56 41 38 25
16 18 51 53 4 23
43 23 1 21 30 11
6 51 3 20 32 23
14 26 32 15 36 12
32 10 25 47 34 5
45 37 50 33 4 11
53 37 46 39 5 8
38 2 43 5 59 8
33 5 52 46 17 9
6 22 4 16 32 11
39 1 4 42 20 2
22 4 41 44 9 14
38 53 9 52 32 15
48 39 26 18 22 17
53 24 51 16 18 16
20 41 13 35 16 6
45 10 23 30 18 2
22 20 32 16 37 9
51 42 1 59 23 20
5 16 6 21 12 7
52 19 57 34 23 21
23 30 42 35 31 6
49 32 4 15 58 21
12 7 22 31 8 18
6 36 50 19 59 13
52 42 30 8 26 15
30 15 48 22 37 12
7 28 44 43 15 20
59 22 26 16 27 5
46 49 7 35 28 20
52 56 1 6 48 9
21 57 58 14 50 7
2 33 41 54 9 14
48 2 16 41 3 19
23 47 10 20 54 26
49 27 23 52 19 21
16 29 26 45 41 1
7 44 33 30 51 10
59 27 56 28 21 21
3 58 16 20 42 7
32 49 42 56 17 11
31 46 13 45 41 21
44 15 56 39 2 15
33 8 45 9 2 5
24 44 30 32 7 18
10 32 18 5 23 4
6 37 42 20 25 25
26 20 54 46 38 23
9 5 59 23 2 26
8 56 10 18 43 9
31 52 23 33 38 24
38 22 55 24 17 24
12 43 15 31 26 10
17 2 32 22 41 8
3 14 19 32 54 24
11 7 30 24 18 26
40 14 28 26 31 13
53 9 39 43 35 10
17 21 25 16 55 3
5 55 33 39 36 21
11 31 52 26 34 14
19 32 26 45 17 14
18 45 25 1 29 2
40 4 41 6 26 15
48 1 3 38 14 2
17 52 10 33 51 5
40 10 14 32 49 15
3 13 38 32 48 13
39 3 17 47 7 9
48 12 54 17 2 2
39 4 32 1 26 18
43 39 8 9 55 26
47 30 40 28 6 24
12 26 32 23 44 20
37 28 15 53 14 18
26 54 49 25 17 11
13 49 31 48 36 11
47 33 18 48 24 23
15 24 47 35 16 26
5 43 34 52 40 20
31 10 5 23 19 26
53 40 32 49 43 21
24 37 5 36 51 19
25 55 3 51 45 13
51 55 21 12 13 18
52 11 14 35 41 2
6 28 46 53 55 2
3 23 15 42 29 17
20 50 12 2 22 17
5 31 7 49 53 14
24 47 34 1 48 18
46 33 52 48 4 17
26 32 14 34 44 6
53 45 14 21 25 9
50 31 9 20 11 14
7 49 18 28 21 1
26 44 34 12 48 9
18 5 52 40 20 3
9 17 3 14 25 8
18 45 22 10 37 9
40 33 51 52 41 6
21 33 42 7 16 25
30 7 18 45 41 6
42 26 25 28 9 26
27 45 7 12 17 24
22 39 21 20 11 1
24 13 19 39 33 8
21 18 11 16 51 16
46 13 32 3 19 18
30 47 27 12 37 26
18 36 31 25 20 7
20 37 49 9 12 17
48 46 28 25 7 19
6 42 43 47 22 16
30 12 34 19 36 8
29 49 17 34 31 16
10 15 23 16 31 5
31 21 19 2 55 19
37 48 53 20 24 11
3 49 4 20 8 18
3 43 5 42 12 5
55 2 17 41 54 17
39 53 35 11 54 24
28 20 23 25 27 2
9 18 47 38 19 11
47 53 43 23 39 14
2 20 13 23 21 24
33 11 16 4 40 9
31 34 48 11 2 5
8 12 49 17 35 18
55 32 8 54 41 20
34 10 38 5 11 21
47 22 37 48 50 17
7 40 55 33 14 15
41 32 39 55 7 13
7 1 23 35 13 19
3 11 13 20 40 20
53 52 49 27 17 23
16 30 20 18 48 6
6 26 30 24 22 12
46 22 35 52 29 2
29 18 6 37 16 24
13 25 30 40 43 12
10 52 11 49 18 2
40 10 11 37 54 10
31 54 33 16 12 5
33 32 51 8 30 2
2 4 15 28 14 23
27 54 25 31 44 8
4 9 18 55 43 3
26 25 20 46 45 15
51 48 16 13 27 21
47 5 24 26 33 1
48 30 21 20 11 18
19 39 23 37 12 13
23 29 35 8 2 19
15 12 31 28 50 12
19 51 24 22 38 9
37 1 11 10 40 20
52 21 9 16 30 9
27 24 2 36 23 3
16 52 9 23 51 12
19 24 47 27 15 11
46 39 30 14 43 14
9 42 14 40 3 3
47 21 41 15 27 20
38 39 47 24 46 26
9 13 11 24 43 18
47 28 13 30 10 26
10 7 32 25 41 22
38 24 3 11 36 6
26 19 45 21 3 2
42 7 16 6 34 23
30 51 53 44 46 25
29 21 13 40 50 6
40 1 8 47 35 9
16 43 46 49 22 10
14 12 13 17 53 11
45 26 28 22 33 17
13 10 24 12 6 19
12 49 21 36 38 18
42 51 6 38 15 18
28 55 54 2 31 23
39 19 53 30 40 16
47 6 35 20 37 1
53 38 40 10 48 3
53 38 24 54 16 5
17 47 44 7 54 3
44 4 27 30 39 18
16 22 5 1 48 6
41 20 13 42 53 2
42 55 38 54 36 24
8 2 29 22 37 3
3 30 26 54 55 15
41 11 16 42 2 16
22 4 28 37 52 10
48 42 2 25 15 14
10 26 19 32 27 14
53 29 9 42 19 17
21 1 26 23 25 4
31 28 23 9 36 26
27 43 53 8 52 5
28 17 36 5 51 5
33 32 19 54 42 15
38 36 35 7 34 14
42 34 50 45 17 11
2 9 12 8 19 25
22 49 32 36 55 8
42 36 19 1 8 20
12 53 8 11 26 4
44 13 34 12 39 5
38 22 41 30 14 12
16 40 43 48 42 1
45 55 29 9 31 7
41 2 24 34 48 24
26 15 1 17 40 19
38 10 35 5 12 9
4 31 45 3 8 12
39 27 7 3 40 8
30 32 15 39 6 5
49 23 33 35 28 16
21 45 26 13 50 20
54 8 7 29 17 26
26 42 27 7 8 12
15 47 19 45 26 3
20 47 3 22 19 2
27 35 21 55 2 1
24 28 3 49 8 25
35 3 19 43 33 1
26 24 42 38 46 16
12 51 29 22 26 9
22 2 13 50 48 2
48 50 3 9 2 23
24 19 10 16 13 15
40 47 14 55 54 6
44 50 2 38 32 21
36 20 47 50 35 5
31 33 30 18 19 15
50 44 49 32 37 13
26 52 39 41 53 20
39 8 47 11 30 23
39 48 20 22 10 25
4 40 14 48 15 12
36 54 24 26 16 11
20 10 4 26 40 8
49 22 20 43 10 3
