8198
8240
7358
8176
7486
8175
8305
7061
7452
8557
7947
8370
8341
7543
8897
7673
7600
7741
7501
7572
8849
8475
7870
7165
7847
7450
7488
7962
8357
8546
8250
8175
7278
8078
7859
7243
8751
8508
7641
8670
8277
8999
8727
8962
8089
7571
7193
8450
7753
8797
8766
8650
8654
8195
8290
7949
7217
8595
8783
11561
10029
11092
10031
10737
10955
11534
10517
11141
10047
10244
11356
11368
11558
10430
11059
11478
11879
11324
10904
11861
11606
11718
10631
10559
10374
11398
10424
11449
11630
11282
10555
10115
11041
11150
11591
10221
10227
11011
10433
10562
10836
11953
10055
10112
11264
11802
10789
11929
11062
11361
11851
11557
10615
11784
10298
10692
10707
10555
10346
10126
16277
14552
13580
15808
14045
17470
17046
14911
16040
13500
16198
15199
16512
17345
16113
13387
15469
16923
16559
14907
17557
13125
17493
13996
16372
16286
15611
13417
13756
14662
13134
13495
15889
15929
17870
13120
17462
14662
16060
17203
17918
17584
15729
16568
16798
14299
16921
14940
15318
17432
15113
14056
13131
15568
13019
16095
16774
13634
17671
17804
14545
14638
17352
17900
17041
14955
17410
17876
14468
16972
14747
16836
15389
14675
16133
13675
15244
13068
14913
17953
13124
15586
15315
14985
15505
15166
17187
14106
14055
13231
13946
15902
17840
15541
16971
16491
15797
14532
16875
16041
15457
15278
14029
16455
13040
13984
14257
17305
13407
16314
17750
14409
17331
17365
13339
17452
16357
15184
13991
15725
17162
13360
13432
16490
15983
15356
17592
13916
15254
13440
13289
13606
13077
16172
16745
15848
13821
17002
17595
16722
16813
15814
15083
14025
13626
16106
13182
13934
17774
15616
17331
16693
13669
10598
10247
10500
12675
12144
11137
12056
11332
11450
11970
12147
12595
12918
10570
10573
11705
12876
10311
12283
10797
12704
11081
11039
10091
11540
10195
11551
11755
10810
12383
11927
8956
7139
7142
7072
8164
8011
7746
8626
7080
7438
7386
8981
8171
8875
8166
7294
8433
7903
7050
8268
8984
7219
8318
8172
8259
7878
7505
8431
8575
8130
7577
7616
8358
7629
8778
7939
7926
7022
7273
7722
7871
8665
7754
8771
8841
7079
7818
7466
8230
7618
8531
7077
7806
8687
8864
7122
8913
7017
7957
7508
8072
